1100001110001110001110001110001110010
110010011100111100001110010011100111100001110011110010110001110011
110010011100111100001110011110010110001111001110011111000110010110001
110011110010110001110011110010110001111001111000011100100100000011001111101101110000111010011101100101110110001111011111101101
110010110000110010110010101101110000110011101101110010110001
100111011000011101101
1100001110001110001110001110001110011
1101110110011111101011111001110010111011101000001100100110100111011101101000100000110111011000011101101
11000011001111001011100011011111011111000111011111110001111000
1101110110011111101011111001110111011000011101101110110111001100000011001111101101110000111010011101100101110110001111011111101101
110010110000110010110010101101110000110011101101110010110000
100111011000011101101
1100001110010110011110010110001110010110001
1100011110100011101011000001110110110000111011101000001100001
110000111001111000111000111000111001111001111001
1100011110100011101011110110110000111011101100001100000011001111101101110000111010011101100101110110001111011111101101
110010110000110010110010101101110000110011101101110001110110
110111011000011101101
1100001110010110101110010110001110011110001
110111011001111110101111100111001011101110100000111000111101011101111110001110000011010111101000110000111011101101000
110000110011110010111000110111110111110001110111110000110001
1101110110011111101011111001111000111101011101111110001111010111101000110000111011101101000100000011001111101101110000111010011101100101110110001111011111101101
110010110000110010110010101101110000110011101101110001110100
110111011000011101101
1000001110011110011110011110011110011
1101110110011111101011111001110010111011101000001110110110000111011101000001100001
110000110011110010111000110111110010110001110111110010110001
11011101100111111010111110011110110110000111011101100001100000011001111101101110000111010011101100101110110001111011111101101
110010110000110010110010101101110000110011101101110010110001
100111011000011101101
