1100001110001110001110001110001
1101110110011111101011111001110010111011101000001100100110100111011101101000100000110111011000011101101
110000110011110010111000110111110111110001110111110000110001110001
1101110110011111101011111001110111011000011101101110110111001100000011001111101101110000111010011101100101110110001111011111101101
110010110000110010110010101101110000110011101101110010111000
110111011000011101101
1100001110001110010110011110010110100110010110001
11011001110101110111011001111000001110100110100011010011000001101100110100111011101101000
110000111001111001111001111001110010111001111001111001111001
11011001110101110111011001111110100110100011010011101100110100111011101101000100000011001111101101110000111010011101100101110110001111011111101101
110010110000110010110010101101110000110011101101110001110101
11011101111011101111
1000001110011110101110100110001110010
1001110110011111101011111001111101100010111011101000001000100001110110011011101101000100000100111011000011101101
110000110011110010111000110111110111110001110111110000110001
1101110110011111101011111001110111011000011101101110110111001100000011001111101101110000111010011101100101110110001111011111101101
110001110111101111110000111000101111110010110000110000110001
110111011000011101101
1100001110011110101110100110001110011
110010011100111100001110010011100111100001110011110010110001
110011110010110001110011110010110001110010011100111100001110011110010110001
1100100111001111000011100100110000111101111100101100000011001111101101110000111010011101100101110110001111011111101101
110010110000110010110010101101110000110011101101110010110001
10011101111011101111
